12557025
12719068
14522301
14522302
14688422
14701957
14739922
15004504
15220736
15370365
15912463
16565005
16765803
16900027
16900036
16932057
16952090
17133053
17189797
17269246
17269248
17269250
17321404
17457183
17457184
17525659
17531694
17568202
17586362
17598583
17661057
17667633
17720054
17760642
17846958
17846959
17900232
17955247
17964410
18053900
18053917
18055575
18055797
18236379
18293264
18299061
18361955
18361990
18362667
18408193
18471635
18498973
18498974
18520510
18537929
18547280
18571094
18604540
18604541
18616942
18670782
18672225
18698146
18791720
18811116
18811117
18811118
18811119
18811120
18811121
18811123
18812094
18836172
19006714
19027539
19092408
19122475
19167087
19169512
19200532
19237783
19251133
19251149
19251154
19251159
19253251
19304080
19304108
19393890
19411973
19421048
19421050
19423431
19426404
19431928
19432845
19465303
19515306
19545822
19569610
19574920
19631120
19631121
19643975
19666925
19668440
19697846
19714792
19714796
19715585
19730094
19731884
19750424
19772221
19772252
19772254
19772255
19772256
19772257
19772258
19772259
19772262
19781685
19820784
19822840
19835328
19835329
19850346
19853404
19907307
19921518
19928694
19969212
20000284
20023583
20023590
20053427
20071684
20091179
20107418
20117714
20117734
20117737
20128533
20136421
20138607
20152609
20163079
20164740
20164744
20166621
20202556
20207972
20334780
20335615
20335618
20361644
20362860
20376458
20376462
20398104
20404993
20438025
20438026
20447101
20447971
20456255
20458230
20463316
20481415
20489599
20489623
20508511
20524225
20524791
20534933
20543932
20543933
20577084
20584709
20602296
20610102
20611020
20622670
20654221
20656182
20673048
20679077
20795586
20805127
20813743
20839768
20861721
20861723
20861724
20863921
20870119
20870120
20870126
20873705
20881444
20884060
20888485
20888486
20935304
20954581
20954679
20958193
21045662
21052551
21091008
21102196
21106042
21110504
21111314
21111320
21117539
21155987
21162471
21162472
21180440
21183110
21183111
21188957
21210571
21234222
21243976
21275608
21282989
21310802
21317670
21335557
21349938
21357598
21366205
21383580
21389853
21399768
21399769
21399770
21402996
21416705
21420594
21420595
21448300
21448301
21464703
21467175
21475609
21494876
21496288
21498616
21507377
21508101
21516866
21516868
21529763
21572736
21574162
21617595
21656433
21656435
21670914
21688763
21700105
21718406
21721263
21724915
21726844
21732526
21751766
21763309
21782091
21786268
21786270
21794846
21795286
21837270
21847678
21850225
21853961
21858523
21861976
21865199
21871140
21873026
21874347
21899241
21909873
21930257
21941509
21955632
21966201
21992713
21993465
21993470
22001813
22020986
22025568
22029948
22039252
22039707
22051781
22058341
22064989
22074467
22081152
22081155
22104644
22107942
22108109
22108117
22134403
22136675
22136690
22139351
22153823
22159012
22165094
22183995
22189856
22222507
22236781
22254130
22261324
22264953
22265143
22267456
22275813
22288005
22292112
22314815
22314818
22316648
22322165
22331148
22335811
22342006
22344471
22347790
22349981
22350551
22357381
22362227
22362237
22365579
22378112
22378115
22413749
22420024
22425362
22427568
22427580
22435096
22443804
22454728
22454729
22467939
22472250
22496015
22516151
22531433
22547128
22559332
22569468
22569470
22569472
22570545
22580432
22589434
22605919
22624899
22624904
22624908
22633357
22661479
22668580
22673851
22683058
22692521
22692526
22701079
22710492
22727312
22729432
22736617
22760800
22762039
22762048
22767165
22784969
22785058
22785060
22792444
22814049
22814080
22820606
22833877
22858060
22868444
22868628
22871840
22871842
22879413
22883842
22888210
22892583
22895045
22898341
22900147
22906447
22906467
22929160
22940781
22942165
22947285
22947293
22959362
22960648
22978296
22981526
22991650
22999627
22999628
22999652
23010775
23015020
23022158
23023410
23041260
23046664
23051909
23053334
23056269
23062001
23074417
23086357
23086375
23086376
23132450
23145528
23152657
23152658
23163266
23172117
23179311
23180236
23185178
23187160
23195270
23195271
23221887
23225837
23252029
23258309
23258670
23263221
23290750
23294178
23299484
23311741
23311742
23311743
23322569
23337554
23347365
23347367
23347368
23347369
23347370
23347371
23347372
23347373
23347374
23347375
23349690
23355529
23356663
23361513
23380407
23385632
23385796
23394733
23394735
23402595
23405038
23406488
23407323
23408187
23414201
23419300
23424759
23440024
23446013
23447898
23447899
23449485
23463021
23483496
23483510
23496655
23499066
23506012
23506922
23515869
23521904
23521905
23522585
23538618
23538626
23571261
23572132
23576861
23582990
23583042
23583044
23583165
23586374
23594766
23594770
23599326
23608564
23608570
23614387
23619500
23623018
23629772
23640611
23656608
23658474
23659231
23664859
23665526
23665650
23673430
23680760
23691390
23692299
23703462
23706927
23711873
23714037
23715147
23718849
23736897
23739323
23739828
23760422
23760423
23769778
23778880
23785497
23787452
23787458
23790529
23790530
23790531
23794955
23796620
23796621
23803176
23807006
23820225
23820234
23821200
23836954
23844860
23847309
23848196
23859485
23867297
23873492
23878503
23879803
23882746
23889864
23889865
23889879
23889880
23901251
23902524
23920369
23925316
23925326
23925327
23925328
23925329
23925330
23925331
23925332
23925333
23925334
23925336
23929075
23932484
23933527
23936826
23941330
23952843
23953101
23960934
23972311
23974880
23974893
23978264
23984411
23998198
24001351
24016346
24027961
24030533
24071810
24106128
24109172
24109889
24113461
24118846
24124547
24136568
24143069
24146544
24147938
24162747
24168788
24170589
24172067
24183340
24200235
24205928
24211861
24222809
24240489
24240878
24242218
24257538
24278090
24286850
24288393
24307631
24321474
24322797
24342889
24349884
24355444
24355726
24355744
24368629
24373539
24386903
24391374
24393351
24404606
24404663
24433690
24433691
24445720
24452209
24452218
24455365
24457453
24457455
24474377
24497860
24498254
24508795
24513095
24513358
24519426
24568723
24571684
24576886
24582997
24601176
24619171
24622298
24625376
24628999
24630796
24634883
24644053
24644056
24667859
24667860
24669149
24677109
24679451
24699560
24702578
24702579
24702581
24702582
24708090
24711659
24713424
24722697
24730252
24741289
24751145
24751584
24762606
24763473
24763478
24766510
24767794
24767795
24768762
24774009
24788010
24788014
24788019
24788604
24790859
24790876
24792103
24807064
24807066
24812488
24816208
24837577
24838866
24847258
24857441
24857442
24857443
24874297
24877005
24878254
24878307
24892378
24892379
24893359
24908420
24917136
24928133
24929203
24937167
24940760
24961090
24972403
24972407
24979260
24980419
24983827
24999102
25000866
25004773
25007895
25013757
25014143
25014151
25014154
25015213
25022733
25025990
25034113
25048986
25050368
25052995
25054144
25055145
25060847
25060851
25063407
25070292
25070527
25076470
25076897
25088634
25104740
25114495
25120349
25134461
25135534
25135535
25135549
25138761
25162621
25165576
25170581
25171564
25172670
25176049
25176050
25197559
25197657
25211359
25215226
25250420
25262564
25263041
25272085
25276417
25276451
25276786
25277300
25291752
25291756
25295278
25295910
25302296
25320954
25320955
25320956
25320957
25320958
25325898
25332832
25343263
25349796
25352122
25363069
25363654
25365551
25365552
25375843
25375844
25375847
25379871
25379872
25386909
25392046
25397781
25397786
25402571
25408955
25435381
25437483
25437484
25437485
25437486
25442903
25454676
25455548
25459466
25461261
25465683
25468492
25468892
25473258
25473264
25474235
25475237
25484904
25485145
25488640
25488945
25494378
25503903
25506204
25514703
25532633
25532662
25532666
25533553
25533559
25538907
25540746
25542349
25545947
25546828
25588591
25597238
25599340
25599541
25599547
25616392
25629044
25634979
25637236
25638310
25640231
25648281
25649258
25651497
25661137
25682565
25686063
25695420
25699261
25703475
25704532
25708282
25709267
25709385
25709779
25709915
25710507
25715551
25735044
25738235
25751841
25760913
25763117
25768385
25784110
25789695
25794329
25795914
25802821
25802831
25803325
25804580
25804584
25811721
25811728
25827548
25830534
25834386
25837511
25839343
25840308
25840310
25841317
25850703
25853446
25853948
25856866
25863855
25866692
25870865
25874116
25874118
25878894
25887295
25918965
25922227
25922758
25927173
25938065
25941959
25945339
25945526
25949080
25949993
25953470
25953473
25959108
25970434
25980780
25985208
25990098
25997682
26005256
26005547
26005557
26008626
26011965
26011972
26044373
26046704
26046705
26046709
26046710
26047045
26057328
26058024
26059667
26064737
26075452
26075457
26078898
26085993
26093276
26104589
26105541
26107036
26107862
26107982
26114820
26114829
26126127
26126201
26140309
26142059
26149969
26158932
26160699
26165788
26180474
26180483
26187888
26189400
26189651
26194634
26201362
26211030
26215873
26221538
26226468
26230765
26236938
26243519
26252741
26252742
26253458
26266434
26266436
26287880
26287881
26307513
26309866
26312777
26314662
26315704
26322421
26324416
26325407
26325411
26325412
26345527
26352567
26355273
26356750
26356752
26366293
26378758
26381468
26382901
26404661
26415316
26421680
26425312
26432132
26433126
26465887
26476968
26483144
26489126
26491663
26499330
26509077
26509764
26509768
26542679
26555591
26562763
26586973
26603408
26603410
26605237
26605368
26606293
26614391
26619384
26622089
26622133
26622134
26622139
26644282
26650390
26653730
26655483
26655487
26659714
26665102
26670827
26678902
26693470
26693653
26693657
26703292
26703306
26703503
26703505
26704375
26730652
26751988
26751990
26751992
26756018
26766395
26780316
26807905
26812712
26812713
26812714
26812716
26812719
26832733
26833230
26833233
26845317
26845871
26856432
26858842
26867998
26868750
26874165
26882478
26885378
26888977
26896122
26909354
26925536
26930843
26944278
26949133
26949660
26957852
26957859
26968733
26968734
26973847
26989958
26995077
27012841
27016125
27027629
27027668
27027920
27027921
27032020
27040458
27041991
27046119
27051478
27055212
27055493
27063528
27063542
27070227
27084001
27093100
27093101
27093581
27096139
27097560
27099464
27099467
27101748
27101750
27107347
27113884
27124315
27124776
27125863
27138638
27152484
27158609
27159267
27163618
27163622
27171132
27171133
27191671
27199574
27213687
27213796
27216990
27220229
27221267
27221268
27239334
27249007
27255251
27255259
27292531
27293413
27304598
27304600
27304605
27310886
27315289
27315291
27362877
27382596
27388250
27400077
27400078
27409461
27420106
27429089
27445064
27452505
27456563
27458610
27463623
27463624
27463630
27492104
27492105
27492108
27492112
27502494
27505314
27519149
27531114
27538196
27547022
27547758
27583797
27584715
27588260
27597655
27597895
27598733
27602074
27613085
27648049
27654998
27668869
27678078
27689081
27689082
27695286
27703804
27722754
27722758
27725199
27729309
27729752
27732724
27741013
27741014
27749450
27749500
27755188
27757009
27765574
27767357
27770837
27772645
27775234
27781383
27794469
27815790
27838594
27839604
27882004
27892757
27893524
27898982
27899371
27900926
27910295
27914659
27918357
27926752
27930789
27930793
27956294
27982203
27990355
28003986
28007116
28009397
28018671
28031696
28035498
28055060
28055099
28057642
28060058
28060059
28060060
28060061
28068447
28068449
28079590
28090214
28101423
28106466
28114577
28121296
28123695
28127465
28129292
28138772
28149672
28160249
28187472
28192592
28192838
28196224
28197339
28205348
28215504
28217632
28230557
28235421
28242885
28244932
28257382
28264130
28264131
28264133
28264134
28270007
28272223
28283279
28297026
28299302
28317666
28318708
28335944
28336222
28337057
28341606
28358253
28366375
28376553
28379654
28384251
28392939
28397423
28407169
28407170
28407172
28410728
28410729
28424993
28428679
28430701
28430702
28435217
28450791
28457313
28457614
28461739
28470657
28476054
28477073
28478473
28486312
28486315
28486719
28494493
28495149
28503442
28513489
28513495
28523043
28532937
28532974
28540578
28546688
28546926
28546941
28551428
28552439
28573997
28576226
28586502
28590282
28590790
28591281
28594649
28602332
28609427
28611646
28620706
28620708
28626821
28630792
28644240
28644681
28644862
28646439
28655538
28655729
28681909
28683485
28691035
28691944
28700779
28704317
28709990
28721004
28730109
28732613
28745658
28747621
28749894
28755306
28759945
28761323
28763562
28778569
28787522
28787525
28791057
28802685
28811773
28811794
28823440
28823441
28823446
28828480
28837529
28837530
28852910
28860694
28864070
28864177
28872519
28875112
28876968
28880336
28892949
28902914
28905820
28905822
28910157
28913504
28917411
28917412
28919243
28922329
28926888
28932337
28932338
28935121
28935449
28936055
28938381
28938922
28944203
28945648
28951783
28961565
28963702
28970517
28980568
28983498
28984766
28985813
28991335
28991336
29017670
29018727
29019068
29032110
29042747
29043533
29060143
29067107
29081866
29082102
29083509
29086187
29095506
29110439
29111836
29111996
29116549
29117410
29118708
29120711
29120712
29122823
29123375
29124079
29133974
29142546
29158733
29160595
29170974
29171504
29176450
29183298
29185116
29192682
29200817
29201459
29203068
29215396
29217454
29219951
29223236
29227513
29240126
29242757
29242903
29259913
29270469
29279651
29282020
29283924
29284455
29296550
29297630
29300262
29300266
29308960
29315442
29315445
29315446
29318768
29319597
29319598
29319677
29321650
29333909
29335104
29339637
29346493
29354720
29364259
29365149
29375990
29381972
29387501
29392322
29398901
29406330
29429144
29433743
29439091
29451741
29453698
29464114
29468296
29476249
29490342
29499665
29502621
29522227
29522228
29522233
29523106
29525838
29526339
29538101
29560364
29561496
29564410
29564806
29564931
29576618
29576880
29582259
29589460
29594793
29601364
29605283
29610026
29610222
29621306
29623463
29634842
29657977
29666915
29673063
29675392
29675563
29681834
29685772
29698993
29703286
29703291
29715413
29729256
29736691
29738582
29738584
29738593
29738594
29739628
29746325
29750010
29753555
29757852
29771749
29771883
29777678
29778107
29778118
29778454
29784099
29796439
29804113
29847491
29847492
29853413
29855152
29862655
29863545
29871966
29889294
29889297
29891152
29891154
29895115
29903589
29910023
29912042
29931571
29941747
29942176
29948500
29952798
29967694
29985795
29987530
29988871
29993202
29995127
30001446
30012019
30016942
30020979
30021467
30029257
30037699
30041742
30055691
30067537
30073363
30079708
30079709
30089186
30089187
30089189
30109755
30115299
30118656
30119784
30121073
30123379
30123383
30127148
30140651
30151277
30157048
30157054
30159325
30161054
30193316
30193317
30197718
30197951
30199567
30202610
30211742
30213993
30214908
30228014
30238016
30250236
30255714
30271113
30284383
30296330
30300828
30314751
30328941
30340722
30347076
30360937
30361711
30362837
30365412
30372738
30402279
30403263
30410923
30413377
30419866
30421316
30421526
30428097
30428099
30448005
30473092
30499232
30505118
30520129
30526789
30526794
30529566
30538061
30540368
30555966
30573402
30574883
30581308
30581603
30587181
30593737
30599204
30601287
30601930
30610230
30615727
30627477
30632324
30643657
30656511
30662839
30679128
30681515
30681524
30690906
30705998
30726402
30729234
30733107
30742225
30756083
30762310
30770865
30770866
30793800
30804658
30808595
30809476
30809492
30815621
30855096
30855097
30855098
30857417
30858022
30866862
30872596
30880905
30882538
30882540
30887593
30891522
30892952
30899841
30900595
30904286
30906586
30906900
30920597
30928252
30943777
30947752
30947857
30947867
30949880
30962070
30964230
30977329
30984419
30984983
30997402
30999334
31003798
31012258
31014449
31019909
31026242
31033692
31033693
31033731
31040638
31041523
31059583
31073520
31075321
31080047
31096492
31098325
31099830
31107284
31107761
31109479
31111489
31112970
31114118
31114658
31116307
31118557
31133582
31143527
31146937
31146939
31146950
31169612
31170100
31170104
31170327
31172016
31180339
31184397
31184498
31185100
31185103
31185107
31198900
31204085
31211003
31215545
31216215
31222533
31250289
31251279
31272773
31272775
31273313
31278588
31300155
31301105
31308406
31312750
31321736
31335524
31335530
31341652
31356422
31360724
31363996
31369463
31372311
31384160
31391683
31393985
31396412
31401338
31403321
31411927
31425352
31425353
31440935
31449434
31453822
31463554
31483320
31487097
31490276
31490278
31505958
31507315
31513045
31515418
31528759
31532699
31533809
31543667
31546364
31546517
31546518
31549886
31560871
31564364
31567558
31567631
31569699
31571089
31572660
31574051
31577628
31579231
31598524
31605317
31605471
31610005
31610006
31614631
31614850
31619359
31619902
31651430
31654497
31662893
31673223
31678559
31691656
31706520
31707858
31710374
31714520
31720752
31725701
31735063
31737431
31741859
31755807
31764287
31806928
31814727
31824132
31833250
31836491
31842794
31845564
31848679
31849445
31850179
31853423
31856520
31856532
31860073
31860972
31872325
31874503
31884496
31890347
31890719
31900647
31902993
31908406
31909581
31915972
31917851
31917853
31920322
31920417
31945333
31964268
32018247
32031315
32032431
32032432
32036622
32047218
32050206
32050235
32051139
32067338
32083224
32095204
32099313
32109983
32125497
32126042
32131123
32140613
32148942
32159824
32161770
32171767
32174735
32186674
32209301
32210510
32264842
32267957
32267958
32269908
32271293
32271294
32274042
32274444
32282356
32282434
32296993
32298314
32304430
32304431
32304540
32309123
32318286
32330985
32340101
32355111
32358271
32361861
32366077
32372574
32396639
32399407
32413453
32428961
32442558
32443014
32443319
32448765
32461422
32461455
32481392
32481438
32482959
32488590
32490019
32490020
32494120
32498548
32504479
32509440
32510009
32512211
32532321
32535751
32537477
32538202
32539132
32545294
32551125
32556637
32557558
32565111
32566268
32566501
32566511
32566797
32577050
32587185
32589855
32607947
32612348
32637419
32641797
32644867
32651628
32667842
32669833
32678352
32685777
32685782
32686514
32694305
32702180
32703026
32703392
32715365
32715752
32725404
32740004
32742324
32744058
32751471
32756792
32774904
32775800
32777204
32779468
32785729
32794082
32796273
32800613
32818448
32821498
32821501
32821675
32825314
32826646
32832232
32832574
32846150
32854460
32855871
32856196
32858580
32864059
32879776
32883647
32884233
32896387
32901829
32902932
32910331
32914586
32925642
32925655
32930519
32932374
32947394
32947403
32947410
32953244
32962415
32972759
32982479
32983439
32987082
33000763
33006120
33009254
33017120
33029700
33031216
33031809
33034364
33049990
33061271
33063976
33063979
33063982
33078105
33079917
33079919
33079921
33092399
33133439
33135484
33147249
33148465
33149067
33156077
33170279
33170280
33171194
33177802
33181627
33183087
33196146
33196151
33196569
33210975
33214946
33227242
33229643
33229645
33229650
33229651
33229652
33229656
33229657
33229669
33229708
33231276
33252568
33259405
33264161
33279597
33288782
33295997
33298778
33316263
33323708
33323709
33340508
33369925
33376299
33383093
33389422
33394926
33395116
33414527
33420518
33432994
33442228
33443628
33463562
33464378
33466126
33469480
33483901
33492849
33497690
33514906
33534235
33543874
33548255
33550893
33560170
33563336
33567035
33573798
33575037
33577692
33577693
33580896
33590372
33600810
33603892
33607693
33617389
33618905
33624461
33627758
33631984
33656958
33667017
33667681
33670732
33671011
33681532
33689606
33689909
33708786
33719638
33727638
33733442
33744258
33747806
33761502
33765359
33769765
33769766
33770171
33806928
33812086
33814816
33824576
33832048
33843117
33846032
33852555
33857213
33858272
33859086
33859087
33872673
33873207
33873209
33876334
33885984
33892046
33895029
33895368
33901064
33929804
33931101
33935236
33961088
33966013
33986586
34001713
34003973
34003974
34003975
34003977
34007152
34009489
34011736
34015954
34032979
34038299
34038661
34038664
34039182
34044691
34044698
34048801
34050066
34050067
34053332
34055085
34055251
34058903
34059330
34074991
34081754
34086008
34091554
34095607
34100403
34116536
34116541
34117699
34135568
34137523
34143790
34163129
34174043
34174743
34176917
34181061
34188439
34190718
34195474
34203646
34207081
34237317
34237318
34247218
34247284
34250443
34262252
34263132
34267061
34282383
34288636
34294638
34301233
34307400
34313710
34321817
34326631
34328498
34345164
34349648
34359831
34362023
34362077
34362662
34363049
34384340
34388071
34388074
34388077
34394858
34394861
34394862
34408317
34408387
34410068
34413627
34424223
34424226
34425775
34431899
34433777
34435926
34440845
34448966
34461290
34465309
34468458
34481408
34486581
34488256
34501218
34501248
34506235
34506244
34507494
34513086
34522101
34524144
34529024
34532424
34533277
34533388
34542574
34550310
34565473
34592475
34592870
34609048
34640185
34657832
34661479
34669331
34670218
34675148
34698306
34711207
34719971
34722556
34727264
34730026
34740824
34743098
34743099
34746916
34756139
34765816
34777857
34785203
34788576
34793829
34813978
34815661
34818079
34821524
34826978
34826981
34837507
34840692
34840821
34843024
34845598
34848420
34854915
34860722
34861212
34864798
34867019
34874483
34882268
34889859
34898348
34898463
34901464
34901466
34914551
34914554
34914558
34914559
34917415
34917434
34926215
34934686
34937212
34937213
34937221
34952566
34954922
34959293
34964368
34965224
34967830
34969574
34980018
34989955
34991971
34996516
35001701
35004659
35005508
35005517
35011421
35044339
35044972
35054085
35059572
35069933
35075374
35098062
35112032
35113959
35128189
35130082
35140457
35140987
35144351
35147774
35149632
35149635
35160037
35160126
35166086
35178249
35179757
35187435
35187443
35187452
35187460
35188092
35198797
35207362
35224204
35234069
35244626
35248392
35248396
35255102
35265368
35275005
35275008
35284412
35313746
35316534
35320858
35321348
35333808
35333826
35340750
35343267
35354347
35360745
35367416
35372437
35381894
35383648
35384782
35385372
35385756
35385757
35391514
35407393
35407560
35412047
35431539
35439768
35439770
35446358
35450192
35450449
35469790
35476818
35479957
35482230
35497118
35497356
35502012
35502028
35510272
35513208
35524196
35525070
35532880
35535408
35536708
35542096
35544929
35572401
35585526
35588392
35588393
35590103
35601161
35601182
35606297
35612343
35622219
35634710
35686709
35686711
35692541
35692966
35702687
35711971
35713165
35721090
35721228
35746888
35749931
35752596
35753851
35757019
35757796
35760583
35773078
35774330
35779056
35786024
35786809
35790199
35790570
35801804
35801878
35801890
35802557
35811357
35830582
35836944
35849757
35858194
35859778
35887874
35908994
35909462
35912299
35918946
35918948
35929885
35946998
35950026
35959602
35971481
35971499
35978428
35985744
35987632
35989142
36029513
36048013
36059083
36062606
36066843
36078972
36094374
36094381
36107842
36127423
36138270
36144973
36147277
36153307
36156043
36167218
36170222
36173242
36173395
36181279
36187250
36187442
36190035
36190036
36197498
36203781
36214347
36220656
36233740
36237558
36239188
36240047
36240204
36255611
36261493
36262504
36267955
36288422
36290247
36305911
36334941
36343164
36343165
36346320
36350908
36386417
36399464
36417675
36418804
36422083
36436508
36439563
36452031
36455071
36458595
36471496
36475196
36476303
36481131
36498668
36506602
36539601
36542255
36549953
36553038
36574086
36581190
36584907
36587174
36588212
36627585
36682518
36685713
36690333
36700933
36707782
36707973
36714019
36727878
36728218
36728310
36729083
36729643
36730364
36736417
36736649
36745704
36745847
36747519
36757342
36774646
36779807
36786745
36794626
36803118
36811882
36812937
36844364
36853600
36872686
36881003
36881260
36882909
36911220
36911223
36925678
36931367
36944752
36977127
37043004
37059888
37067693
37068601
37069944
37072730
37074409
37077155
37085363
37095881
37097193
37098115
37101407
37101410
37108070
37109267
37113031
37126648
37131527
37139606
37140143
37142238
37144364
37144469
37163284
37164391
37164397
37170404
37180532
37181107
37189443
37191620
37192673
37195564
37203022
37203044
37203050
37203051
37208674
37214154
37227009
37250642
37252159
37259477
37261071
37264578
37271309
37280353
37293308
37298028
37306832
37312088
37335854
37343287
37344124
37348512
37352980
37367742
37369766
37374247
37379104
37389763
37395906
37409272
37425031
37426451
37436552
37454921
37460958
37460969
37469861
37470861
37478962
37483635
37484615
37495937
37495952
37506367
37532250
37534322
37543736
37546376
37551356
37565471
37578174
37602609
37602610
37602613
37625627
37627753
37653457
37661651
37669421
37671401
37672103
37675907
37683969
37699556
37702600
37720204
37727230
37733982
37736107
37738058
37739426
37743491
37745064
37748681
37774800
37791258
37805413
37805417
37823889
37841929
37846374
37847112
37850947
37851565
37858944
37859806
37861937
37868794
37876513
37882774
37890110
37910298
37919690
37926879
37930667
37937755
37937759
37938377
37939068
37951953
37983313
37983864
37985976
38015419
38016022
38026898
38035410
38059102
38073672
38077780
38130115
38131577
38131579
38131580
38137894
38153964
38162561
38162570
38173952
38176513
38203537
38206955
38211780
38223815
38232738
38234306
38256126
38261806
38267904
38271415
38274339
38288954
38289609
38289746
38292854
38292881
38296321
38310973
38317046
38317793
38337384
38342827
38345049
38348140
38357612
38363414
38376862
38381615
38389251
38391266
38401513
38409307
38414033
38448965
38451681
38453148
38465837
38466760
38483915
38498219
38499839
38502352
38513713
38525385
38528481
38537067
38557918
38558790
38573840
38583820
38590463
38593263
38608970
38609652
38623696
38633569
38648433
38654992
38654993
38677927
38687167
38697616
38698363
38700496
38700950
38706148
38710236
38721520
38727695
38742501
38742503
38747449
38759150
38759151
38766341
38767551
38772872
38800368
38813739
38826919
38830186
38830532
38848056
38853628
38855010
38884654
38888803
38897147
38900717
38908553
38929636
38935041
38950099
38951161
38956931
38970233
38978828
38983453
38983516
38992130
39012335
39023444
39025900
39026900
39026917
39032624
39047195
39083227
39090846
39109737
39110318
39140888
39170348
39170804
39188672
39188874
39208371
39211657
39215849
39246198
39246558
39254239
39257083
39272734
39297498
39297889
39302502
39309596
39316192
39342257
39365247
39396644
39407831
39429567
39434060
39435192
39443505
39444422
39448666
39451590
39455420
39464751
39465030
39470468
39478495
39499132
39499155
39500946
39504051
39509277
39513430
39526300
39529319
39530978
39531332
39537985
39539159
39550403
39560631
39563679
39569780
39569790
39593816
39600613
39602353
39607156
39609966
39617116
39622486
39638582
39648040
39648366
39651500
39656257
39656259
39665995
39667724
39680566
39681212
39681236
39685482
39694162
39698801
39702781
39748383
39767411
39774276
39779526
39803133
39812204
39827234
39828103
39830041
39840211
39841871
39883041
39883547
39890769
39907998
39913949
39917039
39917458
39928056
39931019
39935895
39936067
39936068
39938918
39941444
39956631
39960629
39961450
39964616
39974065
39988435
40000195
40007091
40007675
40015314
40023354
40029248
40032266
40032557
40054831
40058739
40073226
40075873
40077129
40085326
40088395
40091159
40095727
40097631
40100211
40102797
40103957
40116407
40132089
40132091
40146322
40150026
40156710
40157723
40172865
40185942
40189884
40195540
40208893
40224291
40227070
40228578
40228740
40233220
40237849
40240685
40243052
40243075
40243077
40245974
40252785
40257878
40258779
40265998
40269767
40272228
40272309
40277277
40283414
40288478
40319215
40328290
40340672
40340679
40345843
40357455
40385105
40402979
40423617
40427084
40446871
40447612
40455349
40456396
40459640
40465589
40468035
40474170
40487179
40488477
40492632
40513991
40520475
40529104
40534684
40534811
40539632
40546526
40547853
40557955
40580225
40582688
40583187
40583201
40585528
40586186
40586201
40591368
40596945
40597090
40626429
40626430
40626433
40626435
40626437
40629561
40630024
40630907
40630944
40648862
40649066
40659372
40666275
40676279
40698114
40699110
40705354
40706041
40747622
40755901
40761516
40762451
40764097
40768427
40773279
40785319
40801382
40802143
40806799
40808215
40832557
40856685
40858243
40859367
40866781
40875067
40875071
40877860
40879550
40882695
40884264
40922458
40923612
40924118
40936031
40943747
40963953
40977849
40981503
40985801
40986049
40995987
41003712
41005610
41005617
41010702
41016259
41016520
41022958
41024775
41035435
41059234
41065737
41067570
41069410
41072214
41077843
41099592
41111175
41118005
41120701
41137571
41138021
41138289
41156010
41159468
41160984
41189261
41189771
41189774
41207665
41212223
41212959
41212961
41222196
41226888
41232020
41240241
41242874
41247447
41252778
41253010
41303765
41310557
41320236
41328956
41334308
41348243
41369671
41379517
41379987
41385122
41411262
41411984
41427448
41441936
41460917
41463605
41470103
41487877
41488011
41488568
41488708
41597328
41767940
41982825
41982829
42004649
42686044
