42004649
41982829
41767940
41597328
41488708
41488568
41488011
41487877
41463605
41441936
41427448
41411262
41385122
41379987
41379517
41369671
41348243
41334308
41328956
41320236
41310557
41303765
41253010
41252778
41247447
41242874
41240241
41232020
41226888
41222196
41212959
41212223
41207665
41189774
41189771
41189261
41160984
41159468
41156010
41138289
41138021
41137571
41120701
41118005
41111175
41099592
41077843
41072214
41069410
41067570
41065737
41059234
41035435
41024775
41016520
41016259
41010702
41005617
41005610
41003712
40995987
40985801
40981503
40977849
40963953
40943747
40936031
40924118
40923612
40922458
40884264
40882695
40877860
40858243
40879550
40875071
40875067
40866781
40859367
40856685
40832557
40808215
40802143
40801382
40785319
40773279
40768427
40764097
40762451
40747622
40706041
40705354
40699110
40698114
40676279
40666275
40649066
40648862
40630944
40630907
40630024
40629561
40626437
40626435
40626433
40626430
40626429
40597090
40596945
40591368
40586201
40586186
40585528
40583201
40583187
40582688
40580225
40557955
40546526
40539632
40534684
40529104
40520475
40513991
40492632
40488477
40487179
40474170
40468035
40465589
40459640
40455349
40447612
40446871
40427084
40423617
40402979
40385105
40357455
40345843
40340679
40340672
40328290
40319215
40288478
40283414
40277277
40272309
40272228
40269767
40265998
40258779
40252785
40245974
40243077
40243075
40243052
40240685
40237849
40233220
40228740
40228578
40227070
40224291
40208893
40195540
40189884
40185942
40172865
40156710
40150026
40146322
40134920
40132091
40132089
40116407
40103957
40102797
40100211
40097631
40095727
40085326
40077129
40075873
40073226
40032557
40032266
40029248
40007675
40007091
40000195
39974065
39964616
39961450
39960629
39941444
39938918
39936068
39936067
39931019
39928056
39917458
39917039
39907998
39890769
39883041
39841871
39840211
39830041
39827234
39779526
39774276
39767411
39748383
39702781
39698801
39685482
39681212
39680566
39656259
39651500
39648366
39648040
39638582
39622486
39617116
39609966
39607156
39602353
39593816
39569790
39569780
39563679
39560631
39550403
39539159
39537985
39531332
39530978
39529319
39526300
39513430
39509277
39504051
39500946
39499155
39499132
39478495
39470468
39465030
39464751
39463181
39455420
39451590
39448666
39443505
39434060
39429567
39407831
39396644
39316192
39309596
39297498
39302502
39272734
39257083
39254239
39246558
39246198
39215849
39211657
39208371
39188874
39188672
39170348
39110318
39109737
39090846
39083227
39070790
39047195
39032624
39026917
39026900
39025900
39023444
39012335
38992130
38983453
38978828
38970233
38956931
38951161
38950099
38935041
38908553
38900717
38897147
38888803
38884654
38855010
38853628
38848056
38830532
38830186
38826919
38813739
38800368
38767551
38766341
38759151
38759150
38747449
38742503
38742501
38727695
38721520
38710236
38706148
38700950
38700496
38698363
38697616
38687167
38677927
38654993
38648433
38609652
38608970
38590463
38583820
38573840
38558790
38537067
38528481
38525385
38513713
38502352
38499839
38498219
38483915
38466760
38465837
38453148
38448965
38414033
38409307
38391266
38389251
38381615
38363414
38348140
38345049
38342827
38337384
38317793
38317046
38310973
38296321
38292854
38289746
38289609
38288954
38271415
38267904
38256126
38234306
38232738
38223815
38211780
38206955
38176513
38173952
38162570
38162561
38153964
38137894
38131580
38131579
38131577
38130115
38077780
38073672
38059102
38035410
38026898
38016022
38015419
37983864
37983313
37951953
37939068
37938377
37937759
37937755
37930667
37926879
37919690
37910298
37890110
37882774
37876513
37868794
37861937
37858944
37851565
37850947
37847112
37846374
37841929
37823889
37805417
37805413
37791258
37774800
37748681
37745064
37743491
37739426
37738058
37736107
37733982
37720204
37702600
37699556
37683969
37675907
37672103
37671401
37669421
37661651
37653457
37627753
37625627
37602613
37602610
37578174
37565471
37551356
37546376
37543736
37534322
37532250
37495952
37495937
37484615
37478962
37470861
37469861
37460969
37460958
37454921
37436552
37426451
37425031
37409272
37395906
37389763
37379104
37374247
37369766
37367742
37352980
37348512
37344124
37343287
37312088
37306832
37293308
37280353
37264578
37261071
37259477
37250642
37227009
37214154
37203051
37203050
37203044
37203022
37192673
37191620
37189443
37180532
37170404
37164397
37164391
37163284
37144469
37144364
37142238
37139606
37131527
37113031
37109267
37108070
37101410
37097193
37095881
37085363
37077155
37072730
37069944
37068601
37067693
37059888
37043004
36977127
36944752
36931367
36925678
36911223
36911220
36882909
36881260
36881003
36872686
36853600
36812937
36803118
36794626
36786745
36779807
36774646
36757342
36747519
36745847
36745704
36736649
36736417
36730364
36729643
36729083
36727878
36714019
36707973
36707782
36700933
36690333
36685713
36682518
36627585
36588212
36587174
36584907
36581190
36553038
36549953
36539601
36506602
36498668
36481131
36476303
36475196
36471496
36458595
36455071
36452031
36436508
36422083
36418804
36417675
36399464
36386417
36361942
36350908
36343165
36343164
36334941
36305911
36290247
36288422
36267955
36262504
36255611
36240204
36240047
36239188
36233740
36220656
36214347
36203781
36197498
36190036
36190035
36187442
36187250
36181279
36173395
36173242
36170222
36167218
36156043
36153307
36147277
36144973
36138270
36127423
36107842
36094381
36094374
36078972
36066843
38633569
36059083
36029513
35989142
35987632
35985744
35978428
35971499
35971481
35959602
35929885
35918948
35918946
35912299
35909462
35908994
35887874
35859778
35858194
35849757
35836944
35830582
35811357
35802557
35801890
35801878
35801804
35790199
35786809
35786024
35779056
35774330
35760583
35757019
35753851
35752596
35749931
35746888
35721228
35721090
35713165
35711971
35702687
35692541
35686711
35686709
35634710
35622219
35612343
35606297
35601182
35601161
35590103
35588393
35588392
35585526
35544929
35536708
35535408
35532880
35525070
35524196
35513208
35510272
35502028
35502012
35482230
35479957
35476818
35469790
35450449
35450192
35446358
35439770
35439768
35431539
35412047
35407560
35407393
35391514
35385757
35385756
35385372
35384782
35383648
35372437
35360745
35354347
35343267
35340750
35333826
35321348
35316534
35284412
35275008
35275005
35255102
35248396
35244626
35224204
35207362
35188092
35179757
35178249
35166086
35160037
35149635
35149632
35147774
35144351
35140987
35140457
35130082
35128189
35113959
35112032
35075374
35059572
35054085
35044972
35044339
35005517
35005508
35004659
35001701
34996516
34991971
34989955
34980018
34969574
34967830
34965224
34964368
34959293
34954922
34952566
34937221
34937213
34937212
34934686
34926215
34917434
34917415
34914559
34914558
34914554
34914551
34901464
34898463
34898348
34889859
34882268
34867019
34864798
34861212
34854915
34848420
34845598
34843024
34840821
34840692
34837507
34829196
34826981
34826978
34821524
34818079
34815661
34813978
34793829
34788576
34785203
34777857
34765816
34756139
34746916
34743099
34743098
34740824
34730026
34727264
34722556
34719971
34698306
34675148
34670218
34669331
34661479
34657832
34609048
34592870
34592475
34565473
34542574
34533388
34533277
34532424
34529024
34524144
34522101
34513086
34507494
34506244
34506235
34501248
34488256
34486581
34481408
34468458
34465309
34461290
34448966
34440845
34435926
34433777
34431899
34425775
34424226
34413627
34410068
34408387
34408317
37252159
34394862
34394861
34394858
34388077
34388074
34388071
34384340
34363049
34362662
34362077
34362023
34359831
34349648
34345164
34326631
34313710
34307400
34301233
34294638
34288636
34282383
34277654
34267061
34262252
34250443
34247284
34247218
34237318
34237317
34203646
34190718
34188439
34181061
34174743
34174043
34163129
34143790
34135568
34117699
34116541
34116536
34100403
34095607
34091554
34086008
34081754
34074991
34059330
34058903
34055251
34055085
34053332
34050067
34050066
34048801
34044691
34039182
34038664
34038661
34038299
34032979
34015954
34011736
34007152
34003975
34003974
34001713
33986586
33966013
33961088
33935236
33931101
33929804
33901064
33895368
33895029
33892046
33885984
33876334
33873209
33873207
33859087
33859086
33858272
33852555
33846032
33843117
33832048
33824576
33814816
33806928
33791355
37727230
37181107
33770171
33769766
33769765
33761502
33747806
33744258
33727638
33719638
33708786
33689909
33681532
33670732
33667681
33667017
33656958
33631984
33627758
33618905
33617389
33607693
33603892
33600810
33590372
33580896
33577693
33577692
33575037
33573798
33567035
33563336
33560170
33550893
33549965
33543874
33534235
33497690
33492849
33483901
33469480
33464378
33463562
33442228
33432994
33420518
33414527
33395116
33394926
33389422
33383093
33376299
33369925
33323709
33323708
33298778
33295997
33288782
33279597
33264161
33259405
33252568
33229708
33229669
33229657
33229656
33229652
33229651
33229650
33229645
33229643
33227242
33214946
33210975
33196569
33196151
33196146
33183087
33181627
33177802
33170280
33170279
33156077
33149067
33148465
33147249
33135484
33133439
33092399
33079921
33079919
33079917
33063982
33063979
33063976
33061271
33049990
33031216
33029700
33017120
33009254
33006120
32987082
32982479
32972759
32962415
32953244
32947410
32947403
32947394
32932374
32930519
32925655
32925642
32914586
32910331
32901829
32884233
32883647
32864059
32858580
32856196
32855871
32854460
32846150
32832574
32832232
32826646
32825314
32821675
32821501
32821498
32818448
32796273
32794082
32785729
32777204
32775800
32774904
32756792
32744058
32742324
32740004
32725404
32715752
32715365
32703026
32702180
32694305
32686514
32685782
32678352
32669833
32667842
32651628
32644867
32612348
32607947
32589855
32587185
32577050
32566797
32566511
32566501
32566268
32565111
32557558
32551125
32545294
32539132
32538202
32535751
32532321
32512211
32510009
32509440
32498548
32494120
32490020
32488590
32482959
32481438
32481392
32461455
32461422
32448765
32443014
32428961
32413453
32399407
32396639
32366077
32361861
32358271
32355111
32330985
32309123
32304540
32304431
32304430
32298314
32296993
32282434
32282356
32274444
32274042
32271294
32271293
32269908
32267958
32267957
32264842
32210510
32209301
32186674
32174735
32171767
32161770
32159824
32148942
32140613
32131123
32126042
32125497
32109983
32099313
32095204
32083224
32067338
35098062
32051139
32050206
32047218
32036622
32032432
32032431
32031315
32018247
31964268
31945333
31920417
31920322
31917853
31917851
31915972
31909581
31908406
31902993
31900647
31890719
31890347
31884496
35187460
31874503
31856532
31856520
31853423
31850179
31848679
31842794
31836491
31833250
31824132
31814727
31806928
31764287
31741859
31737431
31735063
31725701
31720752
31714520
31710374
31707858
31706520
31691656
31678559
31673223
31662893
31651430
31619902
31619359
31614850
31614631
31610006
31610005
35187452
31605471
31605317
31598524
31579231
31577628
31574051
31572660
31571089
31567631
31567558
31564364
31560871
31549886
31546518
31546517
31543667
31533809
31532699
31528759
31515418
31513045
31507315
31505958
31490278
31490276
31487097
31483320
31463554
31453822
31449434
31440935
31425353
31425352
31411927
31401338
31393985
31391683
35187435
31384160
35187447
31369463
31363996
31360724
31356422
31335530
31335524
31321736
31312750
31308406
31301105
31300155
31278588
31273313
31272775
31272773
31251279
31250289
31222533
31216215
31211003
31198900
31185103
31185100
31184498
31184397
31180339
31172016
31170327
31170104
31170100
31169612
31146950
31146939
31146937
31143527
31133582
31118557
31116307
31114658
31114118
31112970
31109479
31107761
31107284
31099830
31098325
31096492
31080047
31075321
31073520
31059583
31041523
31040638
31033731
31033693
31033692
31026242
31014449
31003798
30999334
30997402
30984983
30984419
30977329
30964230
30962070
30949880
30947867
30947857
30947752
30943777
30928252
30906900
30906586
30904286
30900595
30899841
30892952
30891522
30887593
30882540
30882538
30880905
30872596
30866862
30858022
30857417
30855098
30855097
30826578
30815621
30809492
30809476
30808595
30804658
30793800
30756083
30742225
30733107
30729234
30726402
30705998
30681524
30681515
30679128
30662839
30656511
30643657
30632324
30627477
30610230
30601930
30601287
30599204
30593737
30587181
30574883
30573402
30555966
30540368
30538061
30529566
30526794
30526789
30520129
30505118
30473092
30448005
30428099
30428097
30421526
30421316
30419866
30413377
30410923
30403263
30402279
30372738
30365412
30362837
30360937
30340722
30328941
30314751
30300828
30296330
30284383
30271113
30255714
30250236
30238016
30228014
30214908
30213993
30211742
30202610
30199567
30197951
30197718
30193317
30193316
30161054
30159325
30157054
30157048
30151277
30140651
30127148
30123383
30123379
30121073
30119784
30118656
30115299
30109755
30089189
30089187
30089186
30073363
30067537
30055691
30041742
30037699
30029257
30021467
30020979
30016942
30012019
30001446
29995127
29993202
29988871
29987530
29985795
29967694
29948500
29942176
29941747
29931571
29912042
29910023
29903589
29895115
29891154
29891152
29889297
29889294
29863545
29862655
29855152
29847492
29847491
29804113
29799859
29796439
29784099
29778454
29778107
29777678
29771883
29771749
29757852
29753555
29750010
29746325
29738594
29738593
29738584
29736691
29729256
29703291
29703286
29698993
29685772
29681834
29675563
29675392
29666915
29634842
29623463
29621306
29610222
29610026
29605283
29601364
29594793
29589460
29582259
29576618
29564931
29564806
29564410
29538101
29526339
29525838
29523106
29522233
29522228
29522227
29502621
29499665
29490342
29476249
29468296
29464114
29453698
29451741
29439091
29433743
29429144
29392322
29387501
29381972
29375990
29365149
29354720
29339637
29335104
29333909
29321650
29319677
29319598
29319597
29318768
29315446
29315445
29315442
29308960
29300266
29300262
29296550
29284455
29283924
29282020
29279651
29270469
29259913
29242903
29242757
29240126
29227513
29223236
29219951
29217454
29203068
29201459
29200817
29192682
29185116
29176450
29171504
29160595
29142546
29133974
29124079
29123375
29122823
29120712
29120711
29118708
29117410
29116549
29111996
29111836
29110439
29095506
29086187
29083509
29082102
29081866
29067107
29060143
29043533
29042747
29032110
29019068
29017670
28991336
28991335
28985813
28984766
28980568
28970517
28963702
28961565
28951783
28945648
28938922
28938381
28936055
28935449
28932338
28932337
28926888
28922329
28919243
28917412
28917411
28913504
28910157
28905822
28905820
28902914
28892949
28880336
28876968
28875112
28872519
28864177
28864070
28860694
28852910
28837530
28823446
28823441
28823440
28811794
28811773
28802685
28791057
28787522
28763562
28759945
28755306
28749894
28747621
28745658
28732613
28730109
28721004
28704317
28691035
28683485
28681909
28655729
28655538
28644862
28644681
28644240
28630792
28626821
28620708
28620706
28611646
28602332
28594649
28591281
28590790
28590282
28586502
28576226
28551428
28546926
28546688
28532974
28532937
28523043
28513489
28503442
28495149
28486719
28486315
28486312
28478473
28477073
28476054
28461739
28457614
28457313
28450791
28435217
28430702
28430701
28428679
28424993
28410729
28410728
28407172
28407169
28392939
28384251
28379654
28376553
28366375
28358253
28337057
28336222
28335944
28318708
28317666
28299302
28297026
28283279
28272223
28264134
28264131
28264130
28257382
28244932
28242885
28235421
28230557
28217632
28215504
28205348
28197339
28192838
28192592
28187472
28160249
28149672
28138772
28129292
28127465
28123695
28121296
28114577
28101423
28090214
28068449
28068447
28060061
28060060
28060059
28060058
28057642
28055060
29560364
28035498
28031696
28018671
28009397
28007116
28003986
27990355
27956294
27930793
27926752
27918357
27914659
27910295
27900926
27899371
30079709
30079708
27898982
27893524
27882004
27839604
27838594
27815790
27765574
27725199
27794469
27445064
27781383
27775234
27772645
27770837
27767357
27757009
26867998
27213687
27125863
27040458
27749500
27749450
27538196
27429089
27310886
27741013
27732724
27729752
27729309
27722758
27722754
27703804
27695286
27689082
27689081
27678078
27668869
27654998
27648049
27613085
27602074
27598733
27597895
27597655
27588260
27583797
27547758
27547022
27531114
27519149
27505314
27502494
27492112
27492108
27492105
27492104
29715413
27463623
27458610
27452505
27420106
27409461
27400078
27400077
27388250
27382596
29018727
27362877
27315291
27315289
27304605
27304600
27304598
27293413
27255259
27255251
27249007
27239334
27221268
27221267
27220229
27216990
27213796
27199574
27191671
27171133
27171132
27163622
27163618
27158609
27152484
27138638
27124776
27124315
27113884
27107347
27101750
27101748
27099467
27099464
27097560
27096139
27093581
27093101
27093100
27084001
27070227
27063542
27063528
27055493
27055212
27051478
27046119
27041991
27032020
27027921
27027668
27027629
27012841
26995077
26989958
26973847
26968734
26968733
26957859
26957852
26949133
26944278
26930843
26925536
26909354
26896122
26888977
26885378
26882478
26874165
26868750
26858842
26856432
26845871
26845317
26833233
26833230
26832733
26812719
26812716
26812714
26812713
26812712
26807905
26780316
26766395
26751992
26751990
26751988
26730652
29297630
28397423
26704375
26703505
26703503
26703292
26693657
26693653
26693470
26678902
26670827
26665102
26659714
26655487
26655483
26653730
26650390
26644282
26622139
26622134
26622133
26622089
26619384
26614391
26606293
26605368
26605237
26603410
26603408
26586973
26562763
26555591
26542679
26509768
26509764
26499330
26491663
26489126
26465887
26433126
26432132
26425312
26421680
26415316
26404661
26382901
26381468
26366293
26356752
26356750
26355273
26352567
26345527
26325412
26325411
26325407
26324416
26322421
26315704
26314662
26312777
26307513
26287881
26287880
26266436
26266434
26253458
26252742
26252741
26243519
26230765
26226468
26215873
26211030
26201362
26194634
26189651
26189400
26187888
26180483
26180474
26165788
26160699
26149969
26142059
26140309
26126201
26126127
26114829
26114820
26107982
26105541
26104589
26085993
26078898
26075457
26075452
26064737
26059667
26058024
26047045
26046705
26046704
26011972
26011965
26008626
26005557
26005547
26005256
25997682
25990098
25985208
25980780
25970434
25959108
25955559
25953473
25953470
25949080
25945526
25945339
25941959
25938065
25927173
25922758
25922227
25918965
25887295
25878894
25874118
25874116
25866692
25863855
25856866
25853948
25853446
25850703
25841317
25840308
25839343
25837511
25834386
25827548
25811728
25811721
25804584
25804580
25803325
25802831
25802821
25794329
25789695
25784110
25763117
25760913
25738235
25735044
25715551
25710507
25709915
25709779
25709385
25709267
25708282
25704532
25703475
25695420
25686063
25682565
25661137
25651497
25649258
25648281
25640231
25638310
25634979
25629044
25616392
25599547
25599541
25599340
25597238
25588591
25546828
25545947
25542349
25540746
25538907
25533559
25532666
25532662
25532633
25514703
25506204
25503903
25494378
25488945
25485145
25484904
25475237
25474235
25473264
25473258
25468892
25465683
25461261
25459466
25455548
25454676
25442903
25437486
25437485
25437484
25437483
25435381
25408955
25402571
25397781
25392046
25386909
25379872
25379871
25375847
25375844
25375843
25365552
25365551
25363654
25352122
25349796
25332832
25325898
25320958
25320957
25320956
25320955
25320954
25302296
25295910
25295278
25291756
25291752
25277300
25276786
25276451
25276417
25272085
25263041
25262564
25250420
25215226
25211359
25197657
25197559
25176050
25176049
25172670
25171564
25170581
25165576
25162621
25138761
25135549
25135535
25135534
25134461
25120349
25114495
25104740
25088634
25076897
25076470
25070527
25070292
25060851
25060847
25055145
25054144
25052995
25050368
25048986
25034113
25025990
25022733
25015213
25014154
25014151
25014143
25013757
25007895
25004773
25000866
24983827
24980419
24979260
24972407
24972403
24961090
24940760
24937167
24929203
24928133
24917136
24908420
24893359
24892379
24892378
24878254
24877005
24874297
24857443
24857442
24857441
24847258
24837577
24816208
24812488
24807066
24807064
24790876
24790859
24788604
24788019
24788014
24788010
24774009
24768762
24767795
24767794
24763478
24762606
24751584
24751145
24741289
24713424
24708090
24702582
24702581
24702579
24702578
24699560
24679451
24677109
24669149
24667860
24667859
24644056
24644053
24634883
24630796
24628999
24625376
24619171
24582997
24576886
24571684
24568723
24519426
24513358
24513095
24508795
24498254
24497860
24474377
24457455
24457453
24455365
24452218
24452209
24445720
24433691
24433690
24404663
24404606
24393351
24391374
24373539
24368629
24355726
24355444
24349884
24342889
24322797
24321474
24288393
24286850
24278090
24265319
24242218
24240878
24240489
24222809
24211861
24200235
24183340
24172067
24170589
24168788
24162747
24147938
24146544
24143069
24136568
24124547
24118846
24113461
24109889
24109172
24071810
24030533
24027961
24016346
24001351
26107036
23984411
23978264
23974893
23974880
23972311
23953101
23952843
23941330
23936826
23933527
23932484
23929075
23925336
23925334
23925333
23925332
23925331
23925330
23925329
23925328
23925327
23925326
23925316
23920369
23902524
23901251
23889880
23889879
23889865
23889864
23882746
23879803
23878503
23873492
23867297
23859485
23848196
23847309
23844860
23836954
23821200
23820234
23820225
23803176
23796621
23796620
23794955
23790531
23790530
23790529
23787458
23787452
23785497
23778880
23769778
23760423
23760422
23739828
23739323
23736897
23718849
23711873
23706927
23703462
23692299
23691390
23680760
23673430
23665650
23665526
23664859
23658474
23656608
23640611
23629772
23619500
23614387
23608570
23608564
23599326
23594770
23594766
23586374
23583165
23583044
23582990
23576861
23572132
23571261
23538626
23538618
23522585
23521905
23521904
23506922
23499066
23496655
23483510
23483496
23463021
23449485
23447899
23447898
23446013
23440024
23424759
23419300
23414201
23408187
23407323
23406488
23405038
23394735
23394733
23385796
23385632
23380407
23361513
23356663
23349690
23347375
23347374
23347373
23347372
23347371
23347370
23347369
23347368
23347367
23347365
23337554
23322569
23311743
23311742
23311741
23299484
23294178
23290750
26107862
24601176
23263221
23258670
23258309
23252029
23225837
23221887
23195271
23195270
23187160
23180236
23179311
23172117
23163266
23152658
23152657
23145528
23132450
23086376
23086375
23086357
23062001
23056269
23051909
23046664
23041260
23023410
23015020
23010775
22999652
22999628
22999627
22991650
22981526
22978296
22960648
22959362
22947293
22947285
22942165
22940781
22929160
22906447
22900147
22898341
22895045
22892583
22888210
22883842
22871842
22871840
22868628
22858060
22833877
22820606
22814049
22792444
22785060
22785058
22784969
22767165
22762048
22762039
22760800
22729432
22727312
22701079
22692526
22692521
22683058
22673851
22668580
22661479
22633357
22624908
22624904
22624899
22605919
22580432
22570545
22569472
22569470
22569468
22559332
22547128
22531433
22516151
22496015
22467939
22454729
22454728
22443804
22427580
22427568
22425362
22420024
22413749
22378115
22378112
22365579
22362237
22357381
22350551
22347790
22344471
22342006
22335811
22322165
22316648
22314818
22314815
22292112
22288005
22275813
22265143
22264953
22261324
22254130
22236781
22189856
22183995
22165094
22159012
22153823
22139351
22136690
22136675
22134403
22108117
22108109
22107942
22104644
22081155
22081152
22074467
22064989
22051781
22039707
22039252
22029948
22025568
22020986
22001813
21993470
21993465
21992713
21966201
21955632
21930257
21909873
21899241
21874347
21873026
21871140
21865199
21861976
21858523
21853961
21850225
21847678
21837270
21794846
21786270
21786268
21782091
21763309
21726844
21724915
21721263
21700105
21688763
21670914
21656435
21617595
21574162
21572736
21529763
21508101
21507377
21496288
21494876
21475609
21467175
21448301
21448300
21420595
21420594
21416705
21402996
21399770
21399769
21399768
21389853
21383580
21366205
21357598
21349938
21335557
21317670
21243976
21210571
23074417
21188957
21183110
21180440
21162472
21117539
21111320
21111314
21106042
21102196
21091008
21052551
21045662
20954679
20954581
20935304
20888485
20881444
20873705
20870126
20870120
20870119
20863921
20861724
20861723
20861721
20839768
20813743
20805127
20795586
20679077
20673048
20656182
20622670
20611020
20610102
20602296
20584709
20577084
20543933
20543932
20534933
20524791
20524225
20508511
20489623
20489599
20481415
20463316
20458230
20456255
20447971
20447101
20438026
20438025
20404993
20398104
20376462
20376458
20362860
20335615
20207972
20202556
20166621
20164744
20164740
20163079
20152609
20138607
20136421
20128533
20117737
20117734
20117714
20071684
21516868
21516866
20023590
20023583
20006338
19969212
19907307
19850346
19835329
19835328
19822840
19820784
19781685
19772262
19772259
19772258
19772257
19772256
19772255
19772254
19772252
19772221
19750424
19731884
19730094
19715585
19714796
19714792
19697846
19686668
19668440
19666925
19643975
19631121
19631120
19574920
19569610
19545822
19515306
19465303
19431928
19426404
19423431
19421050
19421048
19393890
19304108
19304080
19253251
19251159
19251154
19251149
19251133
19237783
19200532
19169512
19167087
19122475
21234222
20361644
19092408
19027539
19006714
18836172
18812094
18811123
18811121
18811119
18811118
18811117
18811116
18672225
18670782
18616942
18604541
18604540
18571094
18547280
18537929
18520510
18498973
18471635
18408193
18361990
18361955
18299061
18293264
18055797
18053917
18053900
17964410
17955247
17846959
17760642
17667633
17661057
17598583
17586362
17568202
17531694
17457184
17457183
17321404
17269250
17269248
17269246
17189797
17133053
16952090
16932057
16900036
16900027
16765803
15912463
15370365
15220736
15017101
15004504
14739922
14701957
14688422
14522302
14522301
12719068
12557025
12462640
